0.49698561 0.53667607 0.49435885
0.49718662 0.53688913 0.49458307
0.49718226 0.53690033 0.49482477
0.49739893 0.53690202 0.49503789
0.49764053 0.53687171 0.49433421
0.49826143 0.53637721 0.49753372
0.49879007 0.53639850 0.49780221
0.49935283 0.53618223 0.49167305
0.49992520 0.53472142 0.48774235
0.49959102 0.50802012 0.53250111
0.49957806 0.50847454 0.53249512
0.49983659 0.51695703 0.52811208
0.50028333 0.51028750 0.53249964
0.50004782 0.51675674 0.52831800
0.50122910 0.53503324 0.48820739
0.50150270 0.53479287 0.48773281
0.50201139 0.53594541 0.49017067
0.50252744 0.53525866 0.48861146
0.50279368 0.53526061 0.48859720
0.50258538 0.52639619 0.51839596
0.50455902 0.53143109 0.51128529
0.50531419 0.53145794 0.51151563
0.50546719 0.53507096 0.48868076
0.50852122 0.53023597 0.48100205
0.50874502 0.53001419 0.48079118
0.50863688 0.47978294 0.47829141
0.50890192 0.47999010 0.47807552
0.50911676 0.47903216 0.47900638
0.50915423 0.47929079 0.47851201
0.50915736 0.47953649 0.47826839
0.50916715 0.47998187 0.47805853
0.50939971 0.47930091 0.47849984
0.50942262 0.47999521 0.47804160
0.50981367 0.47858079 0.47966185
0.51007992 0.47859121 0.47964987
0.51035840 0.47860212 0.47964629
0.51046888 0.47981162 0.47844893
0.51062686 0.51449935 0.46842637
0.51100729 0.47934808 0.47892012
0.51110703 0.51449046 0.46843590
0.51134714 0.51536462 0.46886842
0.51186087 0.51403460 0.46843262
0.51263548 0.52773509 0.47917445
0.51284287 0.52506576 0.47580264
0.51276839 0.47390814 0.48768001
0.51333574 0.52748076 0.47916048
0.51339180 0.52825524 0.48044798
0.51300130 0.47367191 0.48814587
0.51301771 0.47391338 0.48766637
0.51326107 0.47367174 0.48813542
0.51430954 0.52756637 0.47972832
0.51517728 0.52183070 0.47438483
0.51545150 0.52686406 0.47947871
0.51716921 0.52476351 0.47844613
0.51814001 0.52481940 0.47922549
0.51929912 0.52844443 0.49094775
0.51973281 0.52613577 0.48383200
0.51997279 0.52590342 0.48362471
0.52001800 0.52795622 0.49096497
0.52021107 0.52565394 0.48337660
0.52041071 0.52119658 0.47752689
0.52069316 0.52493477 0.48266956
0.52067321 0.52517871 0.48312813
0.52091803 0.52495277 0.48312816
0.52111214 0.52117464 0.47800358
0.52118125 0.52290186 0.48026989
0.52134349 0.52096999 0.47800638
0.52145003 0.52265413 0.48029434
0.52327891 0.49712129 0.47239352
0.52350667 0.49571644 0.47284710
0.52378177 0.49454863 0.47356055
0.52391976 0.50264639 0.47147497
0.52425404 0.49596624 0.47308249
0.52463083 0.52124219 0.48264076
0.52471846 0.49642956 0.47308958
0.52462080 0.50287516 0.47170739
0.52486504 0.52101699 0.48264036
0.52496214 0.49572168 0.47357236
0.52516120 0.49691927 0.47307637
0.52514635 0.49730908 0.47288226
0.52536361 0.52051592 0.48314049
0.52534440 0.49752686 0.47287956
0.52533890 0.50131452 0.47215605
0.52559437 0.49874111 0.47264951
0.49845563 0.53675492 0.49354876
0.49889333 0.53677402 0.49673473
0.49934720 0.53674665 0.49398031
0.49936624 0.53676162 0.49673805
0.50036660 0.53629609 0.49819528
0.50087702 0.53630221 0.49820085
0.50237894 0.53629251 0.49101699
0.50251693 0.53632754 0.49778551
0.50288021 0.53631647 0.49100078
0.50293981 0.51351380 0.53110153
0.50387227 0.53633167 0.49155641
0.50444105 0.53634821 0.49207103
0.50449085 0.53636012 0.49252926
0.50452780 0.53638477 0.49438382
0.50386315 0.51350277 0.53111989
0.50485697 0.53537028 0.48899919
0.50486611 0.53586165 0.49000719
0.50537230 0.53455586 0.50306172
0.50541686 0.53586383 0.49057018
0.50536344 0.53595176 0.49774463
0.50571188 0.53135293 0.51184316
0.50589525 0.53455798 0.50260280
0.50589274 0.53539668 0.48951416
0.50592083 0.53589326 0.49163926
0.50591647 0.53594059 0.49634561
0.50619212 0.53090365 0.51277731
0.50626322 0.53137272 0.51182731
0.50641188 0.53541497 0.49057920
0.50636891 0.53594811 0.49441217
0.50638359 0.53594495 0.49486419
0.50720954 0.53094958 0.51273200
0.50931504 0.52884043 0.51523743
0.51291380 0.51601882 0.52759622
0.51307757 0.53017777 0.51244427
0.51347712 0.52070394 0.52377627
0.51407845 0.52123232 0.52323158
0.51410596 0.52174206 0.52271201
0.51463444 0.52172275 0.52268180
0.51456732 0.52382181 0.52050954
0.51523122 0.52224098 0.52208776
0.51510993 0.52729896 0.51665306
0.51505856 0.52870117 0.51480062
0.51487959 0.47597087 0.52677448
0.51485062 0.47735902 0.52905023
0.51573997 0.52325133 0.52101826
0.51563792 0.52921833 0.51273200
0.51565475 0.52962077 0.51148789
0.51604619 0.52817080 0.51531211
0.51606227 0.52873717 0.51372819
0.51574160 0.47605570 0.52762744
0.51571077 0.47655195 0.52862288
0.51672191 0.52373831 0.52003346
0.51653734 0.52819154 0.51479723
0.51678457 0.53238376 0.49884385
0.51678493 0.53238714 0.49965980
0.51640166 0.47549596 0.52572523
0.51728688 0.47553607 0.52653395
0.51808942 0.52726592 0.51475583
0.51810573 0.52775599 0.51375309
0.51834033 0.47550355 0.52705973
0.51989971 0.52917148 0.50840527
0.52033792 0.52914954 0.50797347
0.52078630 0.52869674 0.50837799
0.52082363 0.52913571 0.50700521
0.52123857 0.52865941 0.50746683
0.52309723 0.52354401 0.51541139
0.52288545 0.52809339 0.50323239
0.52343086 0.52764150 0.50402347
0.52450505 0.52696351 0.50096995
0.52447546 0.52700833 0.50188118
0.52493480 0.52657230 0.50228835
0.52556556 0.52593307 0.49942806
0.52541315 0.52610609 0.50223372
0.52534896 0.52613916 0.50317012
0.52692520 0.52334860 0.51012184
0.52794466 0.52177187 0.50704476
0.52793988 0.52180472 0.50746113
0.52792643 0.52183978 0.50831540
0.52792324 0.52185488 0.50919997
0.52840576 0.47458014 0.48918675
0.52842301 0.47546582 0.48682513
0.53003818 0.47260527 0.49602640
0.53086660 0.50317288 0.47436842
0.53140947 0.50267588 0.47486022
0.53141497 0.50416016 0.47440566
0.53144115 0.50555511 0.47488571
0.53166217 0.48459779 0.48294915
0.53189157 0.50125160 0.47583577
0.53193786 0.50368789 0.47489639
0.53190150 0.50511943 0.47492129
0.53189980 0.50648708 0.47581270
0.53238099 0.50220967 0.47585231
0.53237337 0.50508070 0.47536182
0.53282461 0.50508024 0.47578887
0.53281488 0.50600573 0.47626396
0.53331546 0.50223473 0.47677344
0.53332256 0.50363704 0.47629824
0.53329395 0.50459665 0.47629668
0.53327699 0.50507285 0.47629160
0.53327376 0.50600042 0.47671986
0.53355342 0.48504580 0.48389027
0.53377025 0.50503776 0.47771882
0.53492861 0.47890817 0.49280622
0.53493158 0.47939170 0.49229688
0.53527487 0.50587135 0.51484023
0.51630882 0.49986608 0.53611917
0.51632819 0.50080218 0.53611191
0.51637839 0.50469424 0.53420895
0.51715046 0.49305488 0.53609531
0.51795599 0.47676234 0.52933389
0.51812207 0.49207406 0.53611751
0.51840589 0.50092467 0.53606631
0.51904023 0.47673298 0.52928574
0.51890492 0.47864808 0.53119948
0.52027878 0.50004704 0.53604971
0.52048682 0.50475931 0.53323320
0.52128831 0.50106217 0.53508255
0.52226172 0.48054456 0.53316940
0.52214225 0.48140446 0.53400788
0.52200485 0.48222949 0.53481084
0.52219766 0.49808890 0.53609652
0.52279255 0.52236266 0.51805443
0.52311361 0.47676790 0.52935667
0.52327474 0.50284014 0.53322386
0.52368656 0.51671930 0.52476748
0.52412142 0.48317692 0.53479600
0.52413415 0.49110524 0.53693805
0.52424538 0.50195218 0.53319150
0.52516836 0.47581344 0.52727419
0.52515355 0.47686094 0.52935876
0.52529316 0.50288844 0.53216400
0.52560400 0.51490527 0.52460179
0.52562246 0.51660247 0.52281530
0.52618473 0.48133392 0.53388864
0.52608053 0.48914967 0.53588138
0.52620798 0.49325397 0.53589072
0.52667376 0.52047959 0.51603717
0.52725010 0.50094557 0.53114180
0.52742767 0.51485651 0.52277663
0.52765944 0.52126947 0.51340511
0.52762520 0.52215618 0.51168691
0.52990020 0.47480973 0.48887894
0.53174443 0.47572656 0.48876790
0.53198558 0.48932083 0.53193652
0.53269368 0.47382354 0.49620632
0.53241605 0.47386937 0.51969053
0.53264352 0.47575384 0.49059281
0.53265228 0.47582640 0.52344909
0.53294089 0.49035902 0.53006058
0.53336090 0.47390882 0.51970316
0.53367308 0.47678831 0.49156976
0.53370339 0.47778955 0.49059411
0.53383887 0.48838932 0.52916104
0.53430592 0.47395378 0.51684232
0.53437578 0.47395293 0.51873854
0.53544795 0.47490439 0.51320719
0.53543415 0.47494199 0.51873626
0.53559238 0.47694466 0.52065648
0.53563890 0.47794189 0.52160641
0.53651556 0.47698753 0.51034245
0.53654691 0.47698864 0.51123727
0.53656527 0.47705208 0.51506149
0.53662129 0.47804362 0.51508376
0.52760911 0.48968086 0.53530726
0.52765270 0.49178854 0.53531055
0.53136982 0.48188962 0.53159186
0.53324915 0.48011481 0.52975059
0.46829564 0.48954059 0.51229339
0.46830361 0.48955007 0.51268743
0.46829072 0.48966865 0.51242419
0.46829486 0.48967507 0.51255469
0.46829824 0.48979668 0.51230137
0.46829316 0.48989076 0.51155710
0.46829076 0.48989398 0.51167334
0.46829974 0.48991387 0.51192581
0.46844072 0.48940485 0.51255104
0.46844102 0.48942064 0.51268112
0.46898545 0.49041351 0.51497523
0.46898835 0.49054824 0.51485068
0.46922588 0.49078161 0.51534163
0.46920869 0.49113320 0.51520970
0.46933040 0.49040384 0.51559460
0.46933011 0.49052539 0.51559606
0.46940560 0.49135469 0.50766709
0.46953447 0.49168701 0.51532165
0.46966960 0.49051315 0.51608773
0.46983545 0.48960384 0.51609261
0.47005843 0.48960684 0.51654883
0.47004463 0.48985238 0.51675589
0.47016117 0.48997376 0.51688545
0.47028799 0.48997152 0.51701110
0.47042240 0.48996006 0.51713792
0.47041367 0.49009964 0.51713239
0.47056292 0.48983415 0.51726094
0.47117858 0.49045013 0.50499583
0.47202340 0.49239574 0.50301159
0.47212998 0.49203444 0.50290514
0.47212585 0.49228174 0.50279297
0.47454961 0.48546087 0.51848942
0.47653939 0.50368815 0.51658910
0.47652165 0.50394766 0.51604023
0.47652982 0.50407832 0.51578968
0.47666738 0.50381904 0.51671576
0.48025511 0.51701182 0.49392529
0.48026960 0.51727926 0.49428545
0.48027432 0.51729193 0.49450316
0.48104375 0.49918138 0.52713271
0.48113607 0.49872344 0.52723099
0.48116615 0.49953714 0.52723893
0.48124548 0.49847829 0.52722533
0.48125791 0.49896185 0.52734417
0.48127813 0.49919694 0.52735531
0.48136107 0.49860941 0.52734131
0.48093060 0.51809561 0.49542142
0.48149056 0.49885046 0.52746139
0.48147933 0.49909180 0.52745732
0.48147630 0.50173438 0.52655944
0.48148239 0.50212819 0.52632754
0.48185905 0.50196839 0.52692992
0.48212777 0.50141455 0.52733724
0.48222259 0.50165189 0.52732477
0.48232223 0.50233252 0.52715381
0.48230980 0.50261058 0.52700811
0.48231641 0.51014339 0.52057656
0.48254635 0.50060811 0.52780156
0.48253174 0.50231380 0.52727380
0.48252751 0.50259063 0.52713577
0.48243395 0.50961458 0.52177738
0.48242826 0.50984756 0.52142028
0.48245749 0.51041273 0.52044359
0.48265579 0.49993385 0.52805195
0.48258883 0.50627334 0.52461559
0.48256562 0.51038942 0.52079938
0.48243389 0.52012904 0.49127920
0.48275996 0.50062575 0.52790524
0.48294671 0.49878245 0.52812471
0.48306309 0.49840641 0.52811761
0.48308421 0.49961579 0.52826611
0.48297438 0.52016139 0.48928385
0.48297926 0.52030768 0.48940726
0.48312588 0.50689525 0.52486882
0.48305524 0.52004805 0.48896800
0.48308773 0.52065221 0.48943711
0.48329242 0.49880602 0.52824105
0.48355075 0.52146201 0.48931243
0.48353460 0.52155798 0.48978050
0.48413890 0.50125452 0.52837165
0.48426283 0.50089323 0.52848581
0.48413743 0.51988457 0.48688431
0.48428965 0.52065811 0.48681784
0.48428245 0.52142256 0.48724577
0.48464085 0.52248936 0.48743975
0.48482191 0.49793096 0.52858001
0.48494082 0.49834229 0.52869915
0.48504290 0.49933229 0.52881045
0.48503711 0.52052314 0.48546852
0.48549102 0.52051165 0.48500176
0.48548828 0.52459613 0.48920130
0.48552220 0.52503538 0.49105547
0.48576689 0.52437240 0.48850983
0.48576572 0.52526953 0.49063265
0.48589137 0.52540013 0.49048587
0.48771322 0.51696178 0.52170186
0.48782542 0.51696273 0.52182370
0.48782197 0.51719840 0.52146895
0.48817168 0.51562409 0.52312858
0.48813913 0.51740085 0.52159564
0.48826914 0.51583919 0.52302783
0.48844115 0.51748395 0.52172061
0.49018480 0.50935228 0.47947070
0.49031530 0.51066312 0.47911344
0.49055173 0.51133359 0.47899743
0.49067077 0.51121315 0.47887793
0.49153564 0.51157184 0.47823382
0.49247008 0.53413141 0.49770225
0.49261566 0.53427773 0.49784049
0.49272848 0.53427292 0.49808633
0.49274492 0.53440739 0.49783372
0.49275524 0.53454609 0.49733138
0.49297243 0.53439626 0.49831602
0.49302415 0.53490658 0.49691882
0.49302848 0.53490404 0.49701260
0.49311960 0.53466979 0.49804824
0.49315605 0.53490967 0.49756605
0.49314961 0.53502415 0.49692096
0.49315283 0.53502585 0.49722305
0.49320915 0.53437747 0.49493242
0.49320508 0.53450615 0.49518044
0.49323314 0.53467100 0.49828470
0.49325195 0.53479753 0.49803477
0.49341045 0.53516292 0.49745013
0.49349124 0.53491729 0.49813630
0.49350612 0.53504707 0.49788910
0.49352331 0.53526364 0.49682738
0.49353011 0.53526995 0.49722712
0.49364961 0.53526865 0.49640651
0.49363880 0.53526657 0.49744577
0.49342236 0.49680798 0.47962461
0.49371283 0.53487562 0.49508359
0.49369967 0.53490199 0.49837327
0.49375387 0.53536755 0.49650625
0.49375270 0.53537581 0.49671914
0.49397266 0.53504408 0.49835833
0.49397334 0.53515697 0.49810505
0.49397109 0.53525882 0.49787292
0.49526771 0.53480537 0.49984251
0.49504528 0.49683324 0.47856478
0.49570462 0.53503158 0.49971800
0.49601175 0.51710716 0.52711341
0.49704147 0.49738770 0.47721019
0.49722692 0.49619508 0.47735127
0.49717074 0.49792337 0.47705690
0.49750410 0.49602240 0.47722191
0.49742477 0.49781146 0.47693180
0.49775833 0.49227705 0.47820964
0.49767197 0.49780553 0.47679603
0.49788040 0.49238447 0.47806257
0.49795192 0.53416745 0.48768239
0.49798766 0.49250068 0.47794027
0.49806768 0.53440150 0.48781400
0.49807799 0.49209271 0.47805114
0.49819730 0.48812067 0.48009570
0.49834303 0.49304202 0.47750111
0.49830368 0.48822708 0.47987943
0.49857093 0.49272992 0.47749056
0.49869004 0.53417360 0.48736820
0.49870980 0.53428265 0.48749209
0.49926117 0.49595400 0.47618483
0.49948698 0.49583330 0.47607653
0.49959567 0.49632581 0.47594544
0.49980866 0.49560212 0.47597855
0.50018610 0.49560967 0.47583900
0.50034564 0.49323525 0.47649284
0.50085768 0.51840000 0.47402881
0.50096478 0.51827663 0.47392028
0.50411273 0.52905625 0.48002956
0.50451882 0.52919095 0.47992751
0.50465426 0.52907168 0.47978486
0.50479997 0.52932223 0.47992627
0.50480264 0.52944323 0.48004678
0.50519528 0.52922119 0.47979574
0.50603294 0.53023304 0.48069561
0.50603281 0.53035000 0.48081784
0.50615283 0.53023037 0.48068773
0.50615625 0.53035407 0.48081654
0.50615990 0.53047988 0.48095234
0.50628623 0.52987419 0.48031693
0.50627920 0.53023018 0.48068285
0.50628018 0.53036025 0.48082100
0.50652845 0.53072314 0.48121748
0.50676309 0.53024277 0.48069303
0.50677982 0.53036296 0.48081914
0.50678031 0.53060671 0.48108398
0.50689095 0.53012373 0.48057038
0.50694954 0.48501217 0.47696891
0.50729079 0.51757559 0.47078968
0.50765684 0.49152396 0.47473701
0.50875788 0.51809460 0.47033271
0.50887777 0.51761335 0.47008340
0.50912490 0.51785215 0.47009424
0.50938451 0.51736862 0.46983197
0.50951064 0.51772087 0.46995023
0.50970313 0.51860827 0.47034854
0.50993877 0.49108714 0.47416074
0.50964580 0.51380049 0.46846979
0.50970967 0.51497295 0.46878848
0.50981507 0.51808275 0.47008037
0.50991364 0.51784043 0.46995270
0.51002214 0.51861325 0.47035088
0.51010579 0.51343158 0.46848271
0.51047337 0.48611908 0.47571331
0.51025472 0.51506657 0.46867412
0.51055173 0.51871657 0.47044961
0.51055700 0.51403125 0.46836924
0.51056341 0.51435804 0.46836888
0.51057507 0.51484948 0.46856771
0.51069756 0.51378132 0.46836045
0.51067539 0.51436123 0.46837712
0.51082718 0.51377523 0.46836911
0.51082354 0.51389863 0.46837051
0.51085169 0.51697295 0.46950339
0.51095775 0.51698340 0.46951283
0.51099723 0.47429688 0.48732546
0.51110898 0.47430163 0.48720410
0.51165127 0.52437881 0.47495290
0.51121289 0.47407061 0.48771296
0.51178333 0.52439476 0.47496608
0.51188727 0.51519505 0.46905400
0.51221325 0.52532956 0.47594440
0.51230749 0.52410866 0.47476302
0.51194193 0.47384069 0.48791794
0.51203828 0.47194710 0.49699854
0.51203965 0.47194004 0.49712357
0.51202318 0.47359001 0.48890680
0.51233281 0.51520039 0.46928636
0.51338665 0.49932412 0.47072946
0.51330176 0.47147699 0.49764723
0.51329398 0.47148063 0.49774805
0.51368952 0.48769964 0.47467142
0.51361055 0.49955117 0.47061527
0.51367044 0.47147992 0.49921556
0.51378916 0.47148395 0.49932871
0.51390921 0.47148203 0.49932542
0.51389668 0.47158330 0.50003796
0.51429180 0.49359105 0.47256712
0.51431117 0.52264186 0.47457484
0.51419883 0.47154730 0.49559014
0.51418568 0.47165114 0.49512627
0.51430671 0.47155160 0.49546615
0.51459906 0.49360658 0.47257292
0.51440260 0.47177288 0.49446429
0.51439678 0.47200228 0.49370055
0.51470947 0.50035033 0.47028538
0.51478893 0.52289639 0.47505716
0.51480716 0.52340674 0.47554990
0.51483415 0.50023372 0.47028877
0.51481670 0.52091842 0.47365264
0.51482422 0.52110944 0.47376172
0.51493454 0.52100863 0.47376514
0.51500820 0.52189108 0.47431797
0.51509893 0.50011022 0.47029850
0.51483685 0.47133343 0.49607816
0.51535205 0.52191266 0.47456966
0.51536683 0.52217158 0.47480775
0.51547314 0.52178841 0.47455749
0.51560062 0.50098050 0.47019232
0.51572425 0.50098486 0.47019551
0.51586787 0.47144619 0.49582907
0.51590124 0.47124222 0.49737721
0.51589424 0.47124229 0.49747725
0.51597633 0.47166169 0.49486475
0.51604655 0.47124007 0.49724964
0.51617832 0.47123506 0.49724720
0.51616546 0.47123678 0.49746849
0.51745583 0.50184284 0.47042171
0.52047816 0.51906715 0.47599723
0.52060378 0.51934141 0.47626370
0.52087607 0.51906514 0.47626660
0.52180553 0.48419427 0.47920111
0.52194033 0.48441468 0.47911074
0.52626729 0.52113604 0.48769453
0.52671309 0.52070475 0.48799860
0.52963864 0.51609342 0.49166344
0.53607490 0.49263652 0.49335703
0.53606927 0.49284268 0.49325788
0.53613789 0.49498411 0.49486774
0.53637604 0.48855039 0.49736794
0.53642946 0.49171068 0.50006299
0.53643831 0.49184329 0.49933727
0.53651299 0.49020710 0.49876126
0.53652184 0.49035306 0.49908330
